Battle 1
1
3
4
12
0
0
0
0
1
1
1
2
2
2
2
3
4
4
4
25
4
0
0
0
0
0
0
0
0
0
0
0
Battle 2
1
3
4
12
0
0
0
0
1
1
1
2
2
2
2
3
4
4
4
25
4
0
0
0
0
0
0
0
0
0
0
0
Battle 3
1
3
4
12
0
0
0
0
1
1
1
2
2
2
2
3
4
4
4
25
4
0
0
0
0
0
0
0
0
0
0
0
Battle 4
1
3
4
12
0
0
0
0
1
1
1
2
2
2
2
3
4
4
4
25
4
0
0
0
0
0
0
0
0
0
0
0
Battle 5
1
3
4
12
0
0
0
0
1
1
1
2
2
2
2
3
4
4
4
25
4
0
0
0
0
0
0
0
0
0
0
0
Battle 6
1
3
4
12
0
0
0
0
1
1
1
2
2
2
2
3
4
4
4
25
4
0
0
0
0
0
0
0
0
0
0
0
Battle 7
1
3
4
12
0
0
0
0
1
1
1
2
2
2
2
3
4
4
4
25
4
0
0
0
0
0
0
0
0
0
0
0
Battle 8
1
3
4
12
0
0
0
0
1
1
1
2
2
2
2
3
4
4
4
25
4
0
0
0
0
0
0
0
0
0
0
0
Battle 9
1
3
4
12
0
0
0
0
1
1
1
2
2
2
2
3
4
4
4
25
4
0
0
0
0
0
0
0
0
0
0
0
Battle 10
1
3
4
12
0
0
0
0
1
1
1
2
2
2
2
3
4
4
4
25
4
0
0
0
0
0
0
0
0
0
0
0
Battle 11
1
3
4
12
0
0
0
0
1
1
1
2
2
2
2
3
4
4
4
25
4
0
0
0
0
0
0
0
0
0
0
0
Battle 12
1
3
4
12
0
0
0
0
1
1
1
2
2
2
2
3
4
4
4
25
4
0
0
0
0
0
0
0
0
0
0
0
Battle 13
1
3
4
12
0
0
0
0
1
1
1
2
2
2
2
3
4
4
4
25
4
0
0
0
0
0
0
0
0
0
0
0
Battle 14
1
3
4
12
0
0
0
0
1
1
1
2
2
2
2
3
4
4
4
25
4
0
0
0
0
0
0
0
0
0
0
0
Battle 15
1
3
4
12
0
0
0
0
1
1
1
2
2
2
2
3
4
4
4
25
4
0
0
0
0
0
0
0
0
0
0
0
Battle 16
1
3
4
12
0
0
0
0
1
1
1
2
2
2
2
3
4
4
4
25
4
0
0
0
0
0
0
0
0
0
0
0
Battle 17
1
3
4
12
0
0
0
0
1
1
1
2
2
2
2
3
4
4
4
25
4
0
0
0
0
0
0
0
0
0
0
0
Battle 18
1
3
4
12
0
0
0
0
1
1
1
2
2
2
2
3
4
4
4
25
4
0
0
0
0
0
0
0
0
0
0
0
Battle 19
1
3
4
12
0
0
0
0
1
1
1
2
2
2
2
3
4
4
4
25
4
0
0
0
0
0
0
0
0
0
0
0
Battle 20
1
3
4
12
0
0
0
0
1
1
1
2
2
2
2
3
4
4
4
25
4
0
0
0
0
0
0
0
0
0
0
0